3.485957622528076;-3.3039982318878174;-0.20111294090747833
23.233333587646484;8.197746276855469;-0.6320692300796509
3.3423056602478027;13.953407287597656;7.4316020011901855
20.724210739135742;2.0015525817871094;3.6296098232269287
0.3734954595565796;-9.375694274902344;-2.0685901641845703
27.33220672607422;12.29662036895752;6.943184852600098
4.376600742340088;13.771448135375977;2.5474305152893066
11.865663528442383;-3.706224203109741;1.742978811264038
0.4692635238170624;-8.274360656738281;-3.112462282180786
18.004396438598633;14.805743217468262;-1.6376339197158813
6.789956092834473;10.917559623718262;3.8307228088378906
7.287950038909912;-3.3901896476745605;2.3080103397369385
3.07415509223938;-6.646304130554199;-2.671929121017456
9.011775016784668;13.005303382873535;2.1547815799713135
11.262324333190918;14.413094520568848;6.081272125244141
4.721365928649902;-8.734047889709473;2.5474305152893066
16.012420654296875;-1.9632453918457031;-0.8810662031173706
6.311115741729736;13.752294540405273;2.2888567447662354
15.591041564941406;14.001291275024414;12.78503704071045
2.920926094055176;-5.889736175537109;2.2026655673980713
12.85207462310791;3.246537446975708;-1.886630892753601
7.33583402633667;10.35252857208252;-0.3447650372982025
19.00996208190918;14.757859230041504;6.560112476348877
-0.047884032130241394;-3.706224203109741;2.2409727573394775
7.2783732414245605;-4.165910720825195;-3.07415509223938
10.35252857208252;12.334927558898926;-1.072602391242981
18.10016441345215;9.940725326538086;8.40843677520752
1.359906554222107;-7.65186882019043;-0.23942017555236816
15.361198425292969;-4.683058738708496;2.1164743900299072
5.008669853210449;12.689269065856934;3.1699230670928955
25.656265258789062;7.565677165985107;7.402871608734131
1.4077905416488647;-7.65186882019043;-0.2585737705230713
22.850261688232422;-7.881711959838867;3.9839515686035156
7.115567684173584;14.575900077819824;2.1164743900299072
24.114398956298828;7.115567684173584;11.626243591308594
0.9768342971801758;-8.197746276855469;1.1683704853057861
23.472753524780273;-0.6512228846549988;4.347870349884033
9.050082206726074;14.911087989807129;1.3982137441635132
19.479225158691406;4.299986362457275;5.621585369110107
3.533841609954834;-4.836287498474121;1.6280571222305298
12.775460243225098;2.7102363109588623;1.1109095811843872
8.465897560119629;13.637372970581055;2.403778553009033
16.4816837310791;4.108449935913086;3.428496837615967
1.9919757843017578;-3.00711727142334;2.8347349166870117
5.161899089813232;3.9456443786621094;13.397953033447266
1.0247182846069336;9.739612579345703;10.036493301391602
2.557007312774658;5.056553840637207;12.344504356384277
3.3710360527038574;-0.7757213711738586;3.399766445159912
8.513781547546387;2.7964274883270264;11.166556358337402
4.903325080871582;10.869675636291504;2.7485435009002686
17.401058197021484;8.255207061767578;8.609549522399902
3.773261785507202;-4.079719543457031;-0.3734954595565796
11.884817123413086;0.19153612852096558;1.5610195398330688
7.134721279144287;10.994174003601074;-0.40222588181495667
15.543157577514648;8.753201484680176;3.6583402156829834
3.687070608139038;-3.533841609954834;2.0207061767578125
8.868123054504395;-1.4269442558288574;0.3064578175544739
7.90086555480957;9.423578262329102;0.20111294090747833
15.188815116882324;11.856086730957031;7.287950038909912
4.529829502105713;-4.041412353515625;2.7485435009002686
5.363011837005615;-2.959233283996582;-0.8523358106613159
11.080365180969238;11.741165161132812;-1.3694833517074585
13.206416130065918;7.977479934692383;5.2672438621521
4.855441093444824;-1.742978811264038;1.886630892753601
4.003105163574219;-2.231395959854126;-1.9728221893310547
14.221558570861816;9.59596061706543;1.580173134803772
13.42668342590332;7.268796443939209;4.730942726135254
7.508216381072998;-0.9864110946655273;1.1013327836990356
4.76924991607666;-5.870582580566406;-1.50355863571167
21.45204734802246;9.634267807006836;2.6240451335906982
10.017339706420898;9.21288776397705;3.380612850189209
13.713987350463867;-0.9959878921508789;-0.7757213711738586
2.2697031497955322;-6.234501361846924;-2.3558945655822754
25.21573257446289;7.977479934692383;1.3503297567367554
8.312667846679688;9.806650161743164;2.1164743900299072
17.87032127380371;0.2298433631658554;0.363918662071228
1.3311761617660522;-4.845864295959473;-1.015141487121582
22.764070510864258;4.338293552398682;1.216254472732544
7.1251444816589355;10.218452453613281;1.8962076902389526
19.546262741088867;1.886630892753601;3.160346269607544
2.4803929328918457;-5.966350555419922;-1.1109095811843872
22.54380226135254;1.0342950820922852;1.6376339197158813
9.184157371520996;13.560758590698242;3.5913026332855225
23.223756790161133;1.0438719987869263;5.20978307723999
-0.49799394607543945;-8.868123054504395;-2.346317768096924
30.08074951171875;3.6391866207122803;4.022258758544922
8.226476669311523;12.708422660827637;3.4189200401306152
26.862943649291992;-0.3447650372982025;5.066130638122559
1.1492167711257935;-8.389283180236816;-2.786850690841675
32.52283477783203;2.030282974243164;4.07014274597168
6.588842868804932;12.200851440429688;3.179499864578247
26.862943649291992;-1.8483237028121948;2.8634653091430664
-0.7374141216278076;-6.588842868804932;-1.3982137441635132
24.028207778930664;3.0358476638793945;2.537853717803955
8.197746276855469;12.344504356384277;1.8770540952682495
22.390573501586914;0.8427590131759644;3.7636849880218506
1.8962076902389526;-7.374141216278076;-1.599326729774475
26.326641082763672;3.3710360527038574;4.376600742340088
7.814674377441406;11.674127578735352;4.51067590713501
24.028207778930664;0.5746083855628967;2.7772738933563232
1.436521053314209;-6.224924564361572;-0.4884171485900879
24.631547927856445;0.7757213711738586;4.165910720825195
6.952761650085449;9.35654067993164;3.5242648124694824
23.482330322265625;4.941632270812988;4.797980308532715
3.5242648124694824;-7.489062786102295;0.4596867263317108
15.456966400146484;1.4844050407409668;0.13407529890537262
9.050082206726074;11.712434768676758;1.5610195398330688
23.0130672454834;4.185064792633057;7.1921820640563965
0.6991068720817566;-6.339846134185791;0.9672574996948242
16.09861183166504;3.4955344200134277;-0.6703764796257019
10.295066833496094;10.237606048583984;-0.49799394607543945
20.848709106445312;4.8937482833862305;4.970362663269043
1.944091796875;-5.698200225830078;1.235408067703247
13.24472427368164;-3.514688014984131;0.019153613597154617
9.21288776397705;8.446743965148926;-1.3024457693099976
16.318878173828125;4.683058738708496;3.773261785507202
3.3901896476745605;-4.596867084503174;1.5322890281677246
8.341399192810059;-5.4875102043151855;-1.5418659448623657
12.239158630371094;7.939172744750977;1.235408067703247
11.319786071777344;4.8267107009887695;1.139639973640442
5.918466567993164;-4.137180328369141;-0.22026655077934265
4.865017890930176;-7.3454108238220215;-2.4420857429504395
12.382811546325684;7.508216381072998;1.6184803247451782
9.404424667358398;6.45476770401001;0.9672574996948242
9.873687744140625;-2.212242364883423;-0.009576806798577309
3.8115692138671875;-6.540958881378174;-1.8483237028121948
21.93088722229004;7.422025203704834;-0.07661445438861847
9.385271072387695;9.289502143859863;2.2409727573394775
16.711528778076172;-1.886630892753601;-0.028730420395731926
3.4093432426452637;-5.621585369110107;-1.8100165128707886
22.093692779541016;6.694188117980957;0.8236053586006165
8.456320762634277;12.172121047973633;1.455674648284912
16.184803009033203;-1.4844050407409668;3.485957622528076
1.072602391242981;-5.746084213256836;-0.8140285611152649
23.664289474487305;3.936067581176758;-0.038307227194309235
6.732495307922363;9.251194953918457;0.2585737705230713
28.96984100341797;1.9057846069335938;2.4612393379211426
1.7525556087493896;-7.412448406219482;0.9576807022094727
22.49591827392578;1.7908629179000854;1.015141487121582
7.144298076629639;11.808202743530273;3.4763808250427246
22.036231994628906;-0.07661445438861847;6.378153324127197
0.6320692300796509;-6.560112476348877;-0.047884032130241394
